
1993.0115260 -37.24     92.66    -37.02    -37.24     92.66
1993.0386920 -40.35     95.39    -38.20    -40.34     95.39
1993.0658580 -40.17     92.29    -38.28    -40.16     92.29
1993.0930250 -41.92     96.20    -38.56    -41.89     96.19
1993.1201910 -36.89     94.64    -37.87    -36.85     94.63
1993.1473570 -35.69     93.22    -36.96    -35.65     93.21
1993.1745230 -36.09     91.67    -36.14    -36.05     91.67
1993.2016890 -34.70     91.95    -35.53    -34.65     91.94
1993.2288550 -34.04     91.70    -35.18    -33.98     91.68
1993.2560210 -37.95    101.31    -35.09    -37.88    101.29
1993.2831880 -36.48     89.84    -35.23    -36.41     89.83
1993.3103540 -33.09     89.52    -35.60    -33.00     89.50
1993.3375200 -35.11     88.88    -36.12    -35.01     88.86
1993.3646860 -37.76     88.73    -36.52    -37.66     88.71
1993.3918520 -39.00     89.03    -36.94    -38.90     89.01
1993.4190180 -38.36     88.65    -36.80    -38.25     88.62
1993.4461850 -35.35     89.34    -36.71    -35.22     89.32
1993.4733510 -35.44     88.12    -36.43    -35.31     88.09
1993.5005170 -36.07     86.35    -36.21    -35.93     86.33
1993.5276830 -37.01     88.23    -35.94    -36.86     88.22
1993.5548490 -29.54     93.85    -35.40    -29.40     93.84
1993.5820150 -36.06     91.11    -34.50    -35.90     91.10
1993.6091810 -35.26     91.93    -33.42    -35.10     91.92
1993.6363480 -30.75     91.55    -32.39    -30.58     91.55
1993.6635140 -29.66     90.96    -31.49    -29.48     90.97
1993.6906800 -31.15     88.24    -30.72    -30.97     88.25
1993.7178460 -32.31     88.86    -30.03    -32.11     88.87
1993.7450120 -29.00     88.70    -29.26    -28.80     88.72
1993.7721780 -25.40     89.65    -28.71    -25.19     89.68
1993.7993450 -27.64     87.34    -28.58    -27.43     87.37
1993.8265110 -28.10     95.53    -28.97    -27.87     95.54
1993.8536770 -29.47     86.95    -29.62    -29.24     86.96
1993.8808430 -30.73     87.47    -30.05    -30.49     87.47
1993.9080090 -32.46     87.01    -30.10    -32.22     86.99
1993.9351750 -31.16     86.11    -29.89    -30.90     86.10
1993.9623410 -25.82     87.24    -29.68    -25.55     87.22
1993.9895080 -28.26     87.23    -30.15    -27.99     87.21
1994.0166740 -32.38     86.31    -30.30    -32.10     86.27
1994.0438400 -30.01     84.71    -30.77    -29.73     84.67
1994.0710060 -28.34     84.58    -31.66    -28.04     84.52
1994.0981720 -33.86     84.57    -32.55    -33.56     84.50
1994.1253380 -36.91     84.87    -33.15    -36.61     84.80
1994.1525050 -35.24     86.70    -33.13    -34.93     86.62
1994.1796710 -31.64     87.56    -32.42    -31.32     87.48
1994.2068370 -33.69     92.56    -31.37    -33.36     92.48
1994.2340030 -26.95     85.40    -30.66    -26.61     85.32
1994.2611690 -30.46     85.50    -30.66    -30.12     85.42
1994.2883350 -30.51     85.65    -31.51    -30.16     85.55
1994.3155010 -31.66     85.03    -32.16    -31.30     84.93
1994.3426680 -33.22     83.72    -33.16    -32.85     83.64
1994.3698340 -34.93     85.08    -33.76    -34.56     85.01
1994.3970000 -37.32     86.06    -34.48    -36.94     85.98
1994.4241660 -34.98     83.83    -34.62    -34.59     83.75
1994.4513320 -32.17     84.37    -34.49    -31.77     84.30
1994.4784980 -39.49     91.32    -34.19    -39.09     91.25
1994.5056640 -36.85     84.30    -33.75    -36.45     84.25
1994.5328310 -32.54     84.96    -33.17    -32.12     84.91
1994.5599970 -32.18     88.49    -32.44    -31.76     88.46
1994.5871630 -32.17     89.94    -31.57    -31.73     89.93
1994.6143290 -31.94     90.72    -30.53    -31.50     90.71
1994.6414950 -29.03     92.13    -29.30    -28.59     92.13
1994.6686610 -27.86     93.08    -28.26    -27.40     93.11
1994.6958280 -25.59     94.78    -27.14    -25.13     94.84
1994.7229940 -26.04     97.25    -26.28    -25.57     97.30
1994.7501600 -26.70     93.62    -25.60    -26.22     93.67
1994.7773260 -24.76     93.36    -25.10    -24.27     93.41
1994.8044920 -22.47     93.52    -24.88    -21.98     93.56
1994.8316580 -24.10     95.26    -25.09    -23.60     95.29
1994.8588240 -18.50    102.42    -25.65    -17.99    102.47
1994.8859910 -27.23     96.85    -26.13    -26.71     96.87
1994.9131570 -29.81     94.12    -26.13    -29.28     94.11
1994.9403230 -25.26     91.65    -25.71    -24.73     91.65
1994.9674890 -23.87     92.75    -25.19    -23.33     92.73
1994.9946550 -23.13     95.08    -25.17    -22.58     95.04
1995.0218210 -23.77     95.87    -25.29    -23.22     95.83
1995.0489880 -27.13     91.73    -25.56    -26.57     91.66
1995.0761540 -23.10     94.80    -26.38    -22.53     94.70
1995.1033200 -27.96     91.78    -27.23    -27.38     91.66
1995.1304860 -32.72     91.06    -27.84    -32.14     90.93
1995.1576520 -27.80     90.43    -27.88    -27.20     90.35
1995.1848180 -27.41     99.05    -27.96    -26.82     98.95
1995.2119840 -23.62     92.56    -28.01    -23.02     92.43
1995.2391510 -29.25     89.11    -28.33    -28.64     88.98
1995.2663170 -30.43     88.41    -28.80    -29.80     88.28
1995.2934830 -29.60     88.22    -29.23    -28.97     88.08
1995.3206490 -28.66     86.46    -29.55    -28.02     86.34
1995.3478150 -36.10     91.96    -29.88    -35.46     91.83
1995.3749810 -31.73     84.20    -30.17    -31.07     84.07
1995.4021480 -30.06     82.47    -30.37    -29.39     82.35
1995.4293140 -28.53     85.21    -30.58    -27.85     85.13
1995.4564800 -31.34     84.74    -30.88    -30.67     84.66
1995.4836460 -32.59     84.96    -31.20    -31.92     84.86
1995.5108120 -28.89     89.96    -31.13    -28.21     89.89
1995.5379780 -31.69     84.09    -31.18    -30.99     84.03
1995.5651440 -32.06     84.13    -30.55    -31.36     84.07
1995.5923110 -31.47     83.17    -29.49    -30.75     83.11
1995.6194770 -28.18     85.23    -27.76    -27.46     85.23
1995.6466430 -26.91     84.20    -26.24    -26.20     84.22
1995.6738090 -24.04     83.92    -24.53    -23.32     83.96
1995.7009750 -22.74     85.53    -22.74    -22.01     85.60
1995.7281410 -16.16     85.39    -22.06    -15.42     85.51
1995.7553070 -20.91     86.48    -21.12    -20.15     86.57
1995.7824740 -22.02     87.43    -21.19    -21.26     87.51
1995.8096400 -28.02     92.14    -21.52    -27.26     92.19
1995.8368060 -22.65     83.29    -21.80    -21.88     83.32
1995.8639720 -22.52     83.60    -21.94    -21.73     83.65
1995.8911380 -20.41     84.01    -22.06    -19.61     84.04
1995.9183040 -44.64     83.34    -22.40    -43.69     83.10
1995.9454710 -23.92     83.71    -23.44    -23.10     83.70
1995.9726370 -19.17     81.41    -24.49    -18.35     81.40
1995.9998030 -25.15     82.30    -25.63    -24.33     82.20
1996.0268950 -28.74     83.02    -27.03    -27.92     82.89
1996.0539870 -30.79     83.54    -28.08    -29.95     83.38
1996.0810790 -32.36     84.58    -28.20    -31.51     84.38
1996.1081710 -25.49     85.94    -28.45    -24.63     85.78
1996.1352630 -29.14     90.76    -28.13    -28.29     90.57
1996.1623550 -26.41     84.99    -27.96    -25.55     84.80
1996.1894470 -29.40     86.10    -28.05    -28.52     85.90
1996.2165390 -27.31     85.97    -28.31    -26.42     85.75
1996.2436310 -27.83     87.63    -28.59    -26.94     87.38
1996.2707230 -29.89     86.30    -28.64    -28.98     86.06
1996.2978150 -31.31     83.67    -28.61    -30.40     83.41
1996.3249070 -27.67     83.15    -28.49    -26.75     82.95
1996.3519980 -26.77     85.37    -28.14    -25.84     85.18
1996.3790900 -28.40     84.16    -27.86    -27.47     83.99
1996.4061820 -26.80     83.91    -27.66    -25.86     83.77
1996.4332740 -28.17     83.20    -27.48    -27.22     83.03
1996.4603660 -32.69     88.73    -27.18    -31.74     88.53
1996.4874580 -27.23     83.58    -26.64    -26.27     83.45
1996.5145500 -27.71     82.09    -25.93    -26.74     82.03
1996.5416420 -25.69     84.10    -25.17    -24.71     84.08
1996.5687340 -21.53     85.22    -24.52    -20.56     85.25
1996.5958260 -23.69     83.27    -24.11    -22.71     83.27
1996.6229180 -24.54     83.64    -23.63    -23.55     83.68
1996.6500100 -23.89     85.31    -23.25    -22.90     85.38
1996.6771020 -25.33     86.06    -22.42    -24.33     86.13
1996.7041940 -21.45     86.23    -21.22    -20.45     86.33
1996.7312850 -17.14     88.82    -19.77    -16.11     88.97
1996.7583770 -17.77     85.51    -18.23    -16.75     85.67
1996.7854690 -24.52     89.99    -16.92    -23.51     90.07
1996.8125610 -15.24     86.10    -16.28    -14.19     86.26
1996.8396530 -12.31     86.48    -16.56    -11.26     86.67
1996.8667450 -15.44     88.87    -17.61    -14.38     89.00
1996.8938370 -21.77     86.42    -19.11    -20.70     86.47
1996.9209290 -20.97     85.19    -20.79    -19.89     85.19
1996.9480210 -20.44     84.35    -22.29    -19.36     84.32
1996.9751130 -25.67     87.96    -23.84    -24.58     87.86
1997.0022110 -27.14     88.11    -25.00    -26.04     88.00
1997.0293770 -25.13     87.95    -25.83    -24.01     87.89
1997.0565430 -27.97     88.82    -26.39    -26.86     88.71
1997.0837090 -25.94     87.91    -26.81    -24.82     87.76
1997.1108750 -31.97     92.82    -27.13    -30.86     92.60
1997.1380420 -28.13     88.36    -27.29    -27.01     88.13
1997.1652080 -27.75     89.28    -27.20    -26.61     89.08
1997.1923740 -28.34     92.24    -26.89    -27.19     92.04
1997.2195400 -25.72     89.17    -26.53    -24.55     88.91
1997.2467060 -24.82     89.03    -26.42    -23.65     88.77
1997.2738720 -24.11     88.51    -26.34    -22.93     88.26
1997.3010380 -29.20     87.03    -26.36    -28.00     86.76
1997.3282050 -27.84     86.77    -26.33    -26.64     86.58
1997.3553710 -24.33     86.21    -26.12    -23.13     86.12
1997.3825370 -27.46     88.63    -25.80    -26.25     88.51
1997.4097030 -22.66     91.25    -25.54    -21.44     91.15
1997.4368690 -28.33     98.73    -25.30    -27.14     98.58
1997.4640350 -27.37     91.33    -24.95    -26.15     91.22
1997.4912020 -25.31     94.16    -24.30    -24.09     94.10
1997.5183680 -25.32     94.45    -23.34    -24.09     94.44
1997.5455340 -19.28     96.38    -22.13    -18.05     96.44
1997.5727000 -20.69     97.47    -20.59    -19.45     97.58
1997.5998660 -24.15    104.39    -19.02    -22.90    104.43
1997.6270320 -18.52    101.99    -17.40    -17.26    102.13
1997.6541980 -16.09    105.46    -15.92    -14.82    105.66
1997.6813650 -14.81    106.76    -14.64    -13.55    107.01
1997.7085310 -12.64    109.89    -13.50    -11.37    110.13
1997.7356970 -10.66    109.86    -12.54     -9.38    110.13
1997.7628630  -6.63    116.26    -12.24     -5.33    116.53
1997.7900290 -10.06    114.44    -11.80     -8.74    114.71
1997.8171950 -12.69    113.85    -12.18    -11.37    114.10
1997.8443620 -10.37    116.08    -12.97     -9.04    116.29
1997.8715280 -14.10    118.64    -14.29    -12.77    118.77
1997.8986940 -16.19    115.98    -15.43    -14.87    116.08
1997.9258600 -14.31    118.95    -16.92    -12.96    119.02
1997.9530260 -21.08    118.10    -18.43    -19.73    118.10
1997.9801920 -19.61    114.11    -19.69    -18.24    114.10
1998.0073580 -24.13    112.49    -20.61    -22.78    112.44
1998.0345250 -19.97    107.01    -21.20    -18.60    107.01
1998.0616910 -23.94    111.16    -21.58    -22.58    111.07
1998.0888570 -21.89    109.19    -21.86    -20.50    109.08
1998.1160230 -21.57    105.70    -22.07    -20.16    105.59
1998.1431890 -22.96    103.76    -22.14    -21.55    103.61
1998.1703550 -23.73    103.73    -22.07    -22.29    103.60
1998.1975210 -20.53    100.63    -21.93    -19.09    100.51
1998.2246880 -21.24    101.86    -21.89    -19.80    101.66
1998.2518540 -22.30     98.92    -21.82    -20.84     98.76
1998.2790200 -20.48     99.31    -22.09    -19.03     99.14
1998.3061860 -22.00     98.78    -22.65    -20.53     98.61
1998.3333520 -23.38     99.10    -23.50    -21.92     98.93
1998.3605180 -25.77     97.55    -24.63    -24.31     97.44
1998.3876850 -22.66    102.13    -25.70    -21.19    102.01
1998.4148510 -27.16     99.48    -26.84    -25.69     99.31
1998.4420170 -28.22     99.93    -27.36    -26.72     99.75
1998.4691830 -29.33     98.02    -27.48    -27.83     97.94
1998.4963490 -26.03     95.62    -27.40    -24.53     95.57
1998.5235150 -26.21     92.47    -27.25    -24.70     92.48
1998.5506810 -28.23     94.09    -26.98    -26.72     94.14
1998.5778480 -25.55     99.46    -26.75    -24.09     99.53
1998.6050140 -26.84     92.35    -25.99    -25.32     92.38
1998.6321800 -27.56     92.21    -25.36    -26.04     92.29
1998.6593460 -24.01     92.96    -24.42    -22.45     93.12
1998.6865120 -22.63     91.54    -23.49    -21.09     91.73
1998.7136780 -21.80     90.78    -22.65    -20.26     90.99
1998.7408450 -22.29     89.54    -22.08    -20.74     89.68
1998.7680110 -20.50     92.64    -21.37    -18.93     92.83
1998.7951770 -21.29     98.20    -21.00    -19.71     98.39
1998.8223430 -19.48     90.89    -20.96    -17.90     91.12
1998.8495090 -20.52     88.71    -21.27    -18.92     88.85
1998.8766750 -21.30     89.36    -21.88    -19.70     89.39
1998.9038410 -24.54     88.41    -22.37    -22.93     88.34
1998.9310080 -20.44     87.66    -23.00    -18.81     87.61
1998.9581740 -24.83     86.52    -23.56    -23.20     86.46
1998.9853400 -24.09     86.00    -24.18    -22.47     85.92
1999.0125060 -26.13     85.77    -24.64    -24.50     85.62
1999.0396720 -24.22     84.67    -24.86    -22.56     84.44
1999.0668380 -26.08     92.39    -24.66    -24.43     92.12
1999.0940050 -30.01     89.59    -24.01    -28.34     89.32
1999.1211710 -18.87     88.94    -23.24    -17.14     88.72
1999.1483370 -22.32     87.01    -22.54    -20.64     86.74
1999.1755030 -21.10     87.23    -22.18    -19.39     86.92
1999.2026690 -22.75     89.17    -22.09    -21.03     88.85
1999.2298350 -21.29     92.08    -22.23    -19.57     91.68
1999.2570010 -23.31     92.09    -22.34    -21.58     91.68
1999.2841680 -21.70     92.06    -22.61    -19.95     91.77
1999.3113340 -25.54     98.91    -23.03    -23.79     98.64
1999.3385000 -24.17     89.64    -23.53    -22.42     89.35
1999.3656660 -22.26     87.42    -24.07    -20.50     87.18
1999.3928320 -25.03     87.06    -24.59    -23.28     86.80
1999.4199980 -24.97     85.95    -24.98    -23.20     85.75
1999.4471640 -27.77     86.09    -25.11    -26.01     85.89
1999.4743310 -25.20     82.66    -24.75    -23.43     82.46
1999.5014970 -24.32     83.78    -24.47    -22.53     83.65
1999.5286630 -22.86     83.28    -23.89    -21.08     83.23
1999.5558290 -24.12     83.55    -23.24    -22.34     83.50
1999.5829950 -22.83     84.89    -22.45    -21.06     84.95
1999.6101610 -23.12     85.34    -21.36    -21.33     85.45
1999.6373280 -17.92     84.57    -19.84    -16.12     84.75
1999.6644940 -20.11     94.46    -17.98    -18.26     94.67
1999.6916600 -16.96     86.57    -16.15    -15.13     86.79
1999.7188260 -14.16     86.82    -14.68    -12.33     87.10
1999.7459920 -14.24     88.81    -13.86    -12.40     89.14
1999.7731580 -10.57     87.41    -13.01     -8.72     87.73
1999.8003240 -11.84     87.74    -12.75    -10.01     87.95
1999.8274910 -12.79     87.79    -12.93    -10.93     88.00
1999.8546570 -13.53     88.97    -13.06    -11.65     89.24
1999.8818230 -12.80     87.06    -13.40    -10.89     87.28
1999.9089890 -14.88     86.10    -13.81    -12.98     86.21
1999.9361550 -11.98     90.87    -14.31    -10.12     90.93
1999.9633210 -13.58     85.67    -14.94    -11.65     85.68
1999.9904880 -14.28     85.06    -15.67    -12.37     85.01
2000.0176050 -18.00     82.52    -16.49    -16.09     82.48
2000.0446970 -16.41     83.70    -17.36    -14.47     83.63
2000.0717890 -17.22     85.95    -18.12    -15.28     85.75
2000.0988810 -20.73     86.40    -18.71    -18.81     86.09
2000.1259730 -22.14     87.03    -19.27    -20.21     86.77
2000.1530650 -18.09     89.06    -19.31    -16.13     88.73
2000.1801570 -18.61     89.12    -19.17    -16.63     88.80
2000.2072490 -19.91     90.20    -19.07    -17.91     89.80
2000.2343410 -16.91     91.36    -19.23    -14.91     91.00
2000.2614330 -19.83     97.79    -19.75    -17.85     97.45
2000.2885250 -20.91     89.26    -20.52    -18.90     88.92
2000.3156170 -20.29     89.48    -21.31    -18.26     89.20
2000.3427090 -22.52     88.79    -21.98    -20.49     88.44
2000.3698010 -23.17     88.88    -22.44    -21.13     88.63
2000.3968920 -23.06     87.38    -22.92    -21.02     87.25
2000.4239840 -23.07     86.27    -23.10    -21.00     86.11
2000.4510760 -23.34     84.82    -23.32    -21.29     84.63
2000.4781680 -25.20     85.97    -23.25    -23.17     85.83
2000.5052600 -22.96     84.47    -22.93    -20.91     84.36
2000.5323520 -21.04     85.38    -22.34    -18.97     85.33
2000.5594440 -19.97     90.58    -21.38    -17.93     90.58
2000.5865360 -23.55     84.47    -20.11    -21.48     84.58
2000.6136280 -19.75     83.74    -18.64    -17.69     83.87
2000.6407200 -14.69     85.21    -16.98    -12.62     85.47
2000.6678120 -16.57     86.16    -15.55    -14.50     86.41
2000.6949040 -16.22     88.10    -13.92    -14.12     88.39
2000.7219960 -11.00     85.60    -12.55     -8.91     86.00
2000.7490880  -8.37     83.69    -11.02     -6.24     84.15
2000.7761790  -8.34     83.59    -10.14     -6.22     84.00
2000.8032710  -9.87     85.91     -9.85     -7.75     86.31
2000.8303630  -0.32     92.89    -10.15      1.82     93.45
2000.8574550  -8.87     84.56    -11.10     -6.70     84.98
2000.8845470 -11.51     84.76    -11.89     -9.41     84.98
2000.9116390 -12.74     83.32    -12.88    -10.57     83.43
2000.9387310 -14.84     83.77    -13.74    -12.69     83.78
2000.9658230 -16.17     84.18    -14.41    -13.97     84.15
2000.9929150 -13.63     81.96    -14.82    -11.43     81.92
2001.0200620 -15.94     81.36    -15.32    -13.73     81.32
2001.0472280 -13.38     86.82    -15.65    -11.13     86.74
2001.0743940 -16.65     82.56    -15.80    -14.43     82.31
2001.1015600 -15.51     85.23    -15.69    -13.28     85.04
2001.1287260 -17.86     86.84    -15.37    -15.64     86.59
2001.1558920 -13.99     87.49    -15.02    -11.73     87.21
2001.1830590 -10.80     87.15    -14.78     -8.54     86.93
2001.2102250 -17.76     86.14    -14.80    -15.47     85.68
2001.2373910 -14.29     86.81    -14.76    -12.00     86.35
2001.2645570 -15.39     87.33    -14.90    -13.09     86.89
2001.2917230 -12.85     85.50    -15.23    -10.56     85.14
2001.3188890 -14.96     85.64    -15.79    -12.65     85.31
2001.3460550 -17.27     84.72    -16.52    -14.95     84.50
2001.3732220 -18.31     82.85    -17.18    -16.00     82.65
2001.4003880 -18.13     82.30    -17.51    -15.81     82.04
2001.4275540 -18.75     82.25    -17.36    -16.42     82.07
2001.4547200 -19.07     82.50    -16.70    -16.76     82.35
2001.4818860 -15.08     83.01    -15.71    -12.77     82.99
2001.5090520 -13.26     83.02    -14.65    -10.93     83.12
2001.5362180 -11.88     82.44    -13.72     -9.52     82.61
2001.5633850 -15.65     83.57    -12.91    -13.28     83.78
2001.5905510 -10.75     84.45    -12.04     -8.43     84.73
2001.6177170 -12.19     83.33    -10.93     -9.84     83.55
2001.6448830 -11.47     84.97     -9.47     -9.10     85.38
2001.6720490  -8.64     85.66     -7.77     -6.28     86.22
2001.6992150  -3.55     86.76     -6.18     -1.17     87.38
2001.7263820  -2.96     84.89     -5.11     -0.59     85.53
2001.7535480  -1.06     84.73     -4.74      1.33     85.35
2001.7807140  -5.74     84.47     -4.92     -3.33     85.12
2001.8078800  -9.17     87.46     -5.31     -6.76     88.06
2001.8350460  -4.66     86.84     -5.74     -2.24     87.52
2001.8622120  -2.59     86.59     -6.33     -0.16     87.17
2001.8893780  -6.90     84.55     -7.23     -4.46     84.91
2001.9165450  -9.05     83.46     -8.37     -6.59     83.70
2001.9437110 -11.19     82.26     -9.52     -8.72     82.48
2001.9708770 -10.63     83.13    -10.50     -8.15     83.32
2001.9980430  -9.95     84.39    -11.21     -7.48     84.53
2002.0252090 -14.28     83.63    -11.64    -11.80     83.61
2002.0523750 -13.12     81.15    -11.79    -10.65     81.07
2002.0795420  -9.82     82.60    -11.72     -7.36     82.61
2002.1067080 -12.20     81.83    -11.64     -9.68     81.82
2002.1338740 -11.71     82.28    -11.72     -9.20     82.24
2002.1610400  -8.50     80.99    -12.02     -5.96     80.88
2002.1882060 -14.71     81.92    -12.46    -12.19     81.55
2002.2153720 -14.42     81.16    -12.89    -11.88     80.80
2002.2425380 -13.00     83.18    -13.24    -10.44     82.81
2002.2697050 -10.94     81.95    -13.58     -8.36     81.71
2002.2968710 -15.64     78.82    -13.99    -13.08     78.56
2002.3240370 -14.22     79.93    -14.43    -11.62     79.80
2002.3512030 -15.72     80.08    -14.89    -13.11     79.82
2002.3783690 -14.03     82.81    -15.32    -11.42     82.36
2002.4055350 -14.91     81.42    -15.64    -12.30     81.03
2002.4327020 -18.89     81.43    -15.66    -16.29     80.99
2002.4598680 -17.83     80.25    -15.16    -15.23     79.85
2002.4870340 -13.07     82.81    -14.09    -10.48     82.41
2002.5142000 -13.61     84.10    -12.60    -11.00     83.87
2002.5413660 -10.97     84.14    -10.90     -8.35     84.13
2002.5685320  -8.90     85.15     -9.21     -6.29     85.33
2002.5956980  -6.92     83.40     -7.71     -4.32     83.61
2002.6228650  -3.97     86.14     -6.52     -1.35     86.44
2002.6500310  -6.66     88.11     -5.60     -4.03     88.45
2002.6771970  -5.39     92.58     -4.81     -2.76     92.99
2002.7043630  -4.20     92.38     -4.00     -1.54     92.80
2002.7315290  -2.24     91.64     -3.14      0.42     92.05
2002.7586950  -3.70     91.46     -2.28     -1.02     91.82
2002.7858610  -1.13     95.76     -1.60      1.56     96.28
2002.8130280   2.86     96.10     -1.32      5.57     96.64
2002.8401940  -1.98     95.04     -1.56      0.68     95.36
2002.8673600  -1.46     92.65     -2.28      1.22     92.91
2002.8945260  -2.92     91.69     -3.29     -0.21     91.87
2002.9216920  -5.40     91.56     -4.38     -2.66     91.71
2002.9488580  -5.68     91.94     -5.38     -2.92     92.09
2002.9760250  -5.72     90.15     -6.18     -2.97     90.22
2003.0031910  -7.88     89.65     -6.67     -5.14     89.45
2003.0303570 -10.39     90.61     -6.80     -7.62     90.32
2003.0575230  -4.53     87.68     -6.71     -1.80     87.53
2003.0846890  -5.52     87.44     -6.72     -2.74     87.21
2003.1118550  -4.09     86.95     -7.01     -1.34     86.75
2003.1390210  -9.63     88.55     -7.51     -6.85     88.26
2003.1661880  -9.64     89.53     -7.97     -6.84     89.15
2003.1933540  -8.79     90.44     -8.21     -6.01     90.07
2003.2205200  -7.53     88.42     -8.30     -4.71     88.03
2003.2476860  -7.43     86.66     -8.41     -4.60     86.32
2003.2748520  -8.14     85.28     -8.69     -5.31     84.88
2003.3020180  -9.25     86.30     -9.11     -6.41     85.80
2003.3291850 -10.24     85.95     -9.58     -7.37     85.56
2003.3563510 -10.32     84.80    -10.05     -7.45     84.40
2003.3835170  -9.43     85.59    -10.50     -6.55     85.21
2003.4106830 -10.65     83.48    -10.89     -7.76     83.14
2003.4378490 -13.61     83.88    -11.12    -10.73     83.58
2003.4650150 -10.62     82.46    -11.06     -7.74     82.39
2003.4921810 -12.40     83.25    -10.65     -9.51     83.24
2003.5193480 -10.25     84.41     -9.94     -7.36     84.45
2003.5465140  -7.87     85.02     -9.03     -5.00     85.24
2003.5736800  -9.00     86.43     -7.99     -6.10     86.61
2003.6008460  -6.48     85.65     -6.81     -3.60     86.05
2003.6280120  -8.24     85.55     -5.46     -5.33     85.93
2003.6551780  -2.27     88.78     -4.02      0.63     89.24
2003.6823450  -1.05     87.13     -2.66      1.84     87.61
2003.7095110  -2.08     87.16     -1.49      0.83     87.74
2003.7366770  -0.59     88.75     -0.57      2.33     89.39
2003.7638430   1.60     89.56      0.05      4.52     90.22
2003.7910090   0.22     88.96      0.23      3.16     89.51
2003.8181750   3.95     90.58     -0.10      6.90     91.24
2003.8453410  -1.21     90.37     -0.86      1.72     90.90
2003.8725080  -3.06     87.59     -1.71     -0.12     88.01
2003.8996740  -5.96     94.56     -2.35     -2.76     94.70
2003.9268400  -1.11     87.15     -2.70      1.89     87.33
2003.9540060  -0.81     85.64     -2.89      2.20     85.81
2003.9811720  -4.55     85.41     -3.06     -1.52     85.36
2004.0083160  -5.42     85.11     -3.28     -2.39     84.90
2004.0354070  -0.74     87.18     -3.69      2.32     87.20
2004.0624990  -1.50     86.22     -4.41      1.55     86.13
2004.0895910  -5.32     84.05     -5.36     -2.27     83.78
2004.1166830 -11.11     86.05     -6.22     -8.10     85.48
2004.1437750  -7.32     83.24     -6.68     -4.14     82.81
2004.1708670  -5.50     84.90     -6.72     -2.40     84.44
2004.1979590  -7.21     85.88     -6.55     -4.11     85.45
2004.2250510  -5.95     86.62     -6.44     -2.81     86.31
2004.2521430  -5.22     87.55     -6.55     -2.07     86.99
2004.2792350  -6.91     87.76     -7.03     -3.77     87.18
2004.3063270  -5.25     86.00     -7.91     -2.09     85.39
2004.3334190  -9.67     83.55     -9.04     -6.52     83.11
2004.3605110 -10.99     83.57    -10.14     -7.84     83.06
2004.3876030 -13.90     86.05    -10.87    -10.75     85.53
2004.4146940 -10.79     84.11    -11.03     -7.64     83.77
2004.4417860 -12.46     83.28    -10.57     -9.30     83.02
2004.4688780 -11.74     84.41     -9.66     -8.56     84.20
2004.4959700  -5.98     83.31     -8.58     -2.83     83.28
2004.5230620  -6.15     84.11     -7.58     -2.99     84.07
2004.5501540  -6.97     86.17     -6.69     -3.82     86.20
2004.5772460  -7.89     83.96     -5.75     -4.74     84.09
2004.6043380  -5.75     85.30     -4.58     -2.59     85.58
2004.6314300  -2.24     87.27     -3.17      0.91     87.74
2004.6585220  -1.47     88.21     -1.67      1.72     88.65
2004.6856140  -1.09     89.08     -0.32      2.10     89.63
2004.7127060   4.54     90.08      0.70      7.73     90.71
2004.7397980   0.86     87.65      1.29      4.06     88.29
2004.7668900   1.47     89.30      1.47      4.66     90.04
2004.7939810   3.23     87.73      1.33      6.48     88.47
2004.8210730   0.07     88.42      1.02      3.28     88.92
2004.8481650   0.37     88.64      0.65      3.61     89.20
2004.8752570   1.15     88.71      0.35      4.41     89.18
2004.9023490  -2.47     87.74      0.16      0.83     88.03
2004.9294410   1.51     87.15     -0.00      4.78     87.44
2004.9565330   0.07     87.53     -0.32      3.37     87.74
2004.9836250   2.82     85.87     -0.88      6.11     86.20
2005.0107460  -4.05     87.15     -1.55     -0.74     87.18
2005.0379120  -5.01     86.45     -2.06     -1.72     86.42
2005.0650790  -1.95     86.25     -2.21      1.39     86.14
2005.0922450  -1.76     85.16     -2.04      1.56     84.93
2005.1194110  -1.52     86.30     -1.73      1.82     86.07
2005.1465770  -2.73     87.43     -1.52      0.62     87.07
2005.1737430   1.50     90.65     -1.57      4.85     90.33
2005.2009090   0.28     90.26     -1.92      3.62     89.99
2005.2280750  -5.77     86.63     -2.45     -2.40     86.29
2005.2552420  -4.19     84.23     -2.97     -0.81     83.83
2005.2824080  -0.23     84.53     -3.40      3.19     84.14
2005.3095740  -5.28     85.94     -3.76     -1.83     85.64
2005.3367400  -4.92     86.10     -4.04     -1.53     85.82
2005.3639060  -4.22     85.72     -4.21     -0.80     85.25
2005.3910720  -3.70     84.87     -4.27     -0.29     84.44
2005.4182390  -4.80     83.79     -4.22     -1.38     83.64
2005.4454050  -4.89     83.48     -4.02     -1.46     83.37
2005.4725710  -3.54     82.53     -3.67     -0.10     82.48
2005.4997370  -4.34     83.68     -3.18     -0.91     83.62
2005.5269030  -0.76     82.53     -2.62      2.67     82.90
2005.5540690  -2.99     83.14     -2.01      0.46     83.35
2005.5812350  -1.87     83.07     -1.29      1.57     83.38
2005.6084020  -0.78     82.60     -0.36      2.66     83.05
2005.6355680  -0.15     83.14      0.82      3.28     83.67
2005.6627340   1.51     84.01      2.18      4.96     84.53
2005.6899000   4.44     86.09      3.51      7.92     86.73
2005.7170660   6.87     92.95      4.55     10.37     93.63
2005.7442320   6.33     84.87      5.17      9.87     85.80
2005.7713990   5.62     84.06      5.49      9.09     84.72
2005.7985650   3.71     84.18      5.74      7.20     84.68
2005.8257310   5.08     86.64      6.09      8.56     87.21
2005.8528970   8.01     87.90      6.43     11.48     88.57
2005.8800630   8.30     86.87      6.53     11.83     87.35
2005.9072290   7.51     84.44      6.17     11.08     84.90
2005.9343950   5.41     83.59      5.33      8.97     84.00
2005.9615620   4.63     84.65      4.10      8.20     84.76
2005.9887280   4.02     84.95      2.64      7.61     84.95
2006.0158940  -0.22     82.73      1.18      3.36     82.55
2006.0430600  -1.89     83.27     -0.06      1.68     83.10
2006.0702260  -1.37     84.98     -0.94      2.22     84.71
2006.0973920  -1.55     85.90     -1.47      2.07     85.62
2006.1245590  -2.85     85.76     -1.75      0.75     85.25
2006.1517250  -1.52     87.76     -1.98      2.09     87.23
2006.1788910   0.36     87.94     -2.25      4.02     87.41
2006.2060570  -5.19     89.35     -2.59     -1.51     88.74
2006.2332230  -2.70     89.19     -2.96      0.97     88.56
2006.2603890  -2.49     86.41     -3.32      1.19     85.87
2006.2875550  -3.51     87.00     -3.62      0.18     86.36
2006.3147220  -4.98     86.64     -3.77     -1.27     86.09
2006.3418880  -5.34     84.69     -3.73     -1.65     84.27
2006.3690540  -3.02     83.91     -3.50      0.65     83.63
2006.3962200  -1.47     83.90     -3.16      2.26     83.81
2006.4233860  -3.99     83.79     -2.74     -0.31     83.57
2006.4505520  -3.37     83.98     -2.19      0.33     83.83
2006.4777180  -2.33     82.24     -1.45      1.38     82.32
2006.5048850   0.20     81.95     -0.62      3.89     82.21
2006.5320510   1.71     82.59      0.11      5.39     82.82
2006.5592170   0.90     81.89      0.69      4.57     82.31
2006.5863830   1.27     83.30      1.26      4.96     83.73
2006.6135490  -0.92     86.05      2.09      2.76     86.41
2006.6407150   1.77     86.17      3.33      5.47     86.75
2006.6678820   5.40     89.09      4.83      9.13     89.90
2006.6950480   8.17     88.49      6.24     11.88     89.37
2006.7222140  10.45     89.18      7.25     14.16     90.14
2006.7493800   6.71     89.11      7.85     10.46     90.08
2006.7765460   6.72     90.04      8.17     10.44     91.02
2006.8037120   9.74     89.15      8.31     13.49     90.12
2006.8308780   9.68     90.20      8.17     13.29     91.15
2006.8852110   8.47     89.49      6.68     12.30     90.04
2006.9123770   3.50     87.61      5.70      7.28     88.01
2006.9395430   6.56     87.89      4.78     10.31     88.34
2006.9667090   3.55     86.47      3.89      7.41     86.75
2006.9938750   3.16     83.70      2.98      7.01     83.95
2007.0210420   2.01     82.69      2.13      5.87     82.73
2007.0482080   0.77     83.70      1.28      4.61     83.54
2007.0753740  -0.04     86.03      0.71      3.83     85.94
2007.1025400  -0.93     86.89      0.43      2.92     86.55
2007.1297060  -0.52     85.82      0.39      3.38     85.37
2007.1568720   3.13     88.15      0.41      7.04     87.81
2007.1840380  -0.10     90.13      0.38      3.77     89.78
2007.2112050   0.02     89.94      0.30      3.93     89.54
2007.2383710  -1.46     88.28      0.20      2.51     87.86
2007.2655370   1.67     89.12      0.03      5.63     88.86
2007.2927030   1.24     86.51     -0.31      5.21     86.11
2007.3198690   0.25     84.98     -0.84      4.21     84.57
2007.3470350  -4.66     85.19     -1.41     -0.69     84.74
2007.3742020  -1.60     85.22     -1.84      2.35     85.03
2007.4013680  -1.82     83.35     -2.05      2.13     83.26
2007.4285340  -2.38     83.07     -2.08      1.58     82.89
2007.4557000  -2.79     81.96     -1.99      1.18     81.78
2007.4828660  -1.26     83.99     -1.84      2.73     84.06
2007.5100320  -1.35     84.66     -1.62      2.61     84.79
2007.5371980  -1.68     82.16     -1.24      2.30     82.45
2007.5643650  -2.92     81.21     -0.60      1.08     81.44
2007.5915310  -1.06     83.11      0.27      2.93     83.42
2007.6186970   5.01     82.80      1.21      8.99     83.31
2007.6458630   2.07     82.64      2.07      6.09     83.32
2007.6730290   1.37     84.63      2.86      5.37     85.37
2007.7001950   2.26     86.17      3.67      6.27     86.95
2007.7273610   6.47     88.20      4.55     10.50     89.11
2007.7545280   5.67     88.27      5.42      9.70     89.33
2007.7816940   5.30     88.25      6.23      9.33     89.15
2007.8088600   7.91     87.30      6.97     11.94     88.26
2007.8360260   6.89     85.89      7.59     10.94     86.62
2007.8631920   8.73     85.74      7.91     12.78     86.27
2007.8903580  10.86     85.08      7.69     14.95     85.73
2007.9175250   8.88     83.80      6.81     12.96     84.41
2007.9446910   6.42     82.56      5.41     10.51     83.00
2007.9718570   0.64     81.73      3.92      4.75     81.86
2007.9990230   0.89     85.62      2.69      4.95     85.50
2008.0261180   1.81     85.64      1.82      5.95     85.49
2008.0532100   2.87     85.54      1.19      6.97     85.50
2008.0803010   0.92     86.08      0.66      5.00     85.94
2008.1073930  -2.72     89.45      0.24      1.38     89.07
2008.1344850   1.06     90.89      0.01      5.18     90.45
2008.1615770  -1.35     90.98     -0.05      2.77     90.36
2008.1886690   0.88     91.37     -0.11      5.00     90.75
2008.2157610   1.55     89.92     -0.34      5.69     89.37
2008.2428530  -1.12     90.21     -0.79      3.07     89.56
2008.2699450  -1.41     89.57     -1.33      2.80     88.91
2008.2970370  -2.02     89.42     -1.69      2.21     88.97
2008.3241290  -4.59     88.73     -1.57     -0.32     88.28
2008.3512210  -3.60     87.57     -0.86      0.63     87.22
2008.3783130   1.52     85.02      0.25      5.76     85.02
2008.4054050   3.71     85.59      1.40      7.96     85.60
2008.4324970   2.76     85.19      2.29      7.00     85.17
2008.4595880   3.01     82.61      2.84      7.23     82.68
2008.4866800   3.49     83.20      3.15      7.72     83.59
2008.5137720   3.20     82.82      3.38      7.46     83.30
2008.5408640   2.93     83.78      3.68      7.13     84.42
2008.5679560   4.00     85.75      4.15      8.26     86.43
2008.5950480   3.72     85.31      4.82      8.01     85.83
2008.6221400   6.02     85.67      5.65     10.27     86.40
2008.6492320   6.39     86.30      6.57     10.69     87.16
2008.6763240   8.20     87.03      7.51     12.50     88.09
2008.7034160   7.73     88.21      8.43     12.00     89.37
2008.7305080   9.61     87.92      9.30     13.90     89.09
2008.7576000  10.28     85.64     10.04     14.59     86.77
2008.7846920  11.72     87.24     10.58     16.03     88.40
2008.8117840  12.05     87.22     10.84     16.35     88.43
2008.8388750  10.27     85.73     10.87     14.58     86.71
2008.8659670  10.84     86.53     10.73     15.18     87.52
2008.8930590   9.39     87.23     10.38     13.76     88.16
2008.9201510  14.05     86.85      9.72     18.45     87.59
2008.9472430   9.27     85.95      8.73     13.64     86.58
2008.9743350   4.91     84.04      7.58      9.25     84.26
2009.0014310   6.14     86.26      6.51     10.53     86.23
2009.0285970   5.55     86.06      5.63      9.97     85.99
2009.0557630   5.60     85.20      4.97      9.91     85.26
2009.0829290   3.56     84.99      4.53      7.94     84.84
2009.1100960   2.53     85.93      4.35      6.99     85.64
2009.1372620   4.54     86.06      4.44      8.98     85.76
2009.1644280   4.86     86.63      4.69      9.30     86.41
2009.1915940   5.14     86.57      4.95      9.62     86.36
2009.2187600   6.22     85.90      5.06     10.70     85.63
2009.2459260   5.19     86.27      4.97      9.67     85.86
2009.2730920   4.89     86.66      4.72      9.38     86.30
2009.3002590   4.08     85.42      4.39      8.58     85.18
2009.3274250   3.64     84.39      4.05      8.14     84.13
2009.3545910   4.48     85.10      3.74      8.95     85.18
2009.3817570   3.27     83.55      3.53      7.80     83.65
2009.4089230   1.81     82.30      3.44      6.35     82.39
2009.4360890   3.54     82.23      3.52      8.05     82.60
2009.4632560   4.92     80.50      3.77      9.45     80.86
2009.4904220   3.27     78.71      4.25      7.82     79.24
2009.5175880   2.22     79.88      5.07      6.75     80.46
2009.5447540   5.42     80.54      6.25      9.97     81.21
2009.5719200  10.18     82.11      7.67     14.72     82.85
2009.5990860   8.63     83.32      9.19     13.18     84.41
2009.6262520   9.53     85.54     10.78     14.08     86.87
2009.6534190  11.83     85.83     12.45     16.39     87.19
2009.6805850  14.59     86.69     14.14     19.10     87.99
2009.7077510  17.65     87.76     15.65     22.22     89.30
2009.7349170  17.70     88.45     16.84     22.27     89.97
2009.7620830  17.44     87.66     17.66     22.01     89.29
2009.7892490  18.47     87.01     18.12     23.01     88.52
2009.8164150  19.67     88.37     18.20     24.25     89.99
2009.8435820  20.06     91.17     17.88     24.65     92.58
2009.8707480  15.64     88.86     17.18     20.26     89.97
2009.8979140  17.67     90.26     16.21     22.30     91.50
2009.9250800  15.63     89.48     15.10     20.23     90.52
2009.9522460  11.45     87.64     13.93     16.12     88.55
2009.9794120  15.09     89.16     12.73     19.74     90.13
2010.0065790  11.23     88.55     11.51     15.91     89.14
2010.0337450  10.38     87.33     10.40     15.07     87.58
2010.0609110   8.20     86.00      9.64     12.89     86.14
2010.0880770   5.19     86.04      9.42      9.87     85.99
2010.1152430   9.25     87.92      9.68     13.97     87.93
2010.1424090  12.89     88.65     10.00     17.63     88.78
2010.1695750  14.60     90.50      9.96     19.36     90.69
2010.1967420   7.21     87.55      9.50     11.96     87.35
2010.2239080   7.54     86.71      8.90     12.32     86.59
2010.2510740   7.19     87.79      8.45     11.98     87.67
2010.2782400   8.92     86.17      8.27     13.73     85.99
2010.3054060   8.77     85.05      8.30     13.55     84.76
2010.3325720   7.32     85.12      8.47     12.14     84.89
2010.3597390   7.53     85.40      8.78     12.37     85.41
2010.3869050  10.66     85.22      9.18     15.48     85.34
2010.4140710   9.61     83.76      9.54     14.42     83.98
2010.4412370   9.80     86.01      9.79     14.59     86.51
2010.4684030  10.67     85.65      9.91     15.49     86.13
2010.4955690  10.14     84.42      9.92     14.95     84.91
2010.5227350   8.78     83.60      9.90     13.57     84.29
2010.5499020  10.38     82.87      9.90     15.16     83.60
2010.5770680  10.36     83.26      9.94     15.15     84.00
2010.6042340   8.90     86.16     10.06     13.70     87.31
2010.6314000  11.04     86.86     10.31     15.84     88.09
2010.6585660   8.70     87.89     10.72     13.53     89.15
2010.6857320  11.73     89.54     11.29     16.54     90.88
2010.7128990  12.74     90.88     11.93     17.53     92.39
2010.7400650  12.45     90.39     12.55     17.31     91.65
2010.7672310  11.95     92.52     13.06     16.76     93.65
2010.7943970  15.68     92.75     13.30     20.54     94.09
2010.8215630  14.68     92.79     13.12     19.54     93.86
2010.8487290  12.95     92.88     12.48     17.78     93.74
2010.8758950  12.75     89.99     11.48     17.65     91.02
2010.9030620   8.63     90.85     10.35     13.53     91.49
2010.9302280   8.75     90.95      9.32     13.67     91.34
2010.9573940   7.62     89.70      8.48     12.59     89.86
2010.9845600   9.18     92.02      7.77     14.09     92.15
2011.0117260   6.53     92.20      7.11     11.50     92.20
2011.0388920   6.19     94.30      6.48     11.15     94.34
2011.0660590   6.10     93.24      5.88     11.07     92.95
2011.0932250   4.95     92.00      5.34      9.89     91.63
2011.1203910   4.48     91.88      4.85      9.33     91.49
2011.1475570   4.86     92.16      4.37      9.87     91.87
2011.1747230   4.21     93.03      3.84      9.27     92.80
2011.2018890   4.33     92.92      3.31      9.35     92.46
2011.2290550  -0.29     93.86      2.87      4.75     93.13
2011.2562220   3.09     93.23      2.60      8.15     92.67
2011.2833880   3.56     93.29      2.48      8.60     92.82
2011.3105540   2.32     92.85      2.53      7.39     92.40
2011.3377200  -0.27     90.01      2.78      4.81     89.59
2011.3648860   4.22     88.28      3.27      9.31     87.99
2011.3920520   4.76     86.06      3.94      9.85     85.92
2011.4192180   2.97     85.82      4.70      8.07     85.81
2011.4463850   5.82     83.86      5.42     10.89     84.07
2011.4735510   8.61     83.93      6.02     13.66     84.38
2011.5007170   5.87     83.15      6.55     10.97     83.52
2011.5278830   5.72     81.63      7.20     10.77     82.03
2011.5550490   6.08     82.50      8.20     11.15     83.34
2011.5822150   8.61     84.08      9.62     13.69     84.97
2011.6093820  12.57     84.91     11.25     17.64     85.94
2011.6365480  13.73     87.28     12.79     18.81     88.55
2011.6637140  15.82     88.41     14.02     20.92     89.84
2011.6908800  15.06     90.42     14.98     20.14     91.86
2011.7180460  13.80     89.26     15.81     18.88     90.63
2011.7452120  16.52     89.87     16.55     21.64     91.17
2011.7723780  19.10     90.38     17.05     24.15     91.91
2011.7995450  20.83     91.82     17.09     25.96     93.52
2011.8267110  16.16     91.09     16.71     21.23     92.48
2011.8538770  13.74     90.37     16.18     18.90     91.61
2011.8810430  14.59     87.34     15.77     19.77     88.36
2011.9082090  17.44     88.11     15.55     22.64     89.16
2011.9353750  14.98     86.14     15.45     20.15     87.30
2011.9625420  15.12     86.26     15.42     20.34     87.14
2011.9897080  14.29     87.68     15.44     19.49     88.30
2012.0168280  16.81     84.36     15.49     22.03     84.97
2012.0439200  15.05     83.88     15.49     20.26     84.31
2012.0710120  16.70     86.00     15.36     21.94     86.23
2012.0981040  14.40     86.22     15.06     19.61     86.53
2012.1251950  15.73     88.02     14.64     20.99     88.11
2012.1522870  14.10     88.06     14.18     19.37     88.03
2012.1793790  12.13     89.58     13.82     17.34     89.54
2012.2064710  13.25     90.93     13.62     18.46     90.82
2012.2335630  14.44     89.42     13.56     19.71     89.37
2012.2606550  13.10     90.11     13.56     18.40     90.09
2012.2877470  13.61     89.24     13.58     18.93     89.28
2012.3148390  13.80     89.73     13.59     19.15     89.85
2012.3419310  13.52     89.64     13.60     18.84     89.83
2012.3690230  14.05     88.01     13.72     19.39     88.55
2012.3961150  12.00     85.14     14.02     17.34     85.63
2012.4232070  13.52     85.56     14.58     18.87     86.11
2012.4502990  17.42     85.68     15.37     22.76     86.41
2012.4773910  15.00     84.80     16.37     20.31     85.80
2012.5044820  15.53     84.64     17.56     20.89     85.68
2012.5315740  19.53     85.46     18.85     24.85     86.83
2012.5586660  22.18     86.45     20.05     27.52     87.97
2012.5857580  21.50     87.59     21.06     26.78     89.24
2012.6128500  22.34     88.56     21.92     27.69     90.48
2012.6399420  19.66     89.09     22.84     24.98     91.07
2012.6670340  24.87     90.24     23.99     30.22     92.36
2012.6941260  24.13     88.59     25.31     29.46     90.66
2012.7212180  28.37     89.61     26.57     33.74     91.75
2012.7483100  28.60     91.60     27.52     33.99     93.83
2012.7754020  29.93     89.90     28.00     35.27     92.16
2012.8024940  28.07     88.91     28.05     33.40     91.04
2012.8295860  27.34     88.36     27.83     32.74     90.54
2012.8566770  27.96     87.26     27.48     33.35     89.22
2012.8837690  27.06     86.27     27.09     32.48     88.07
2012.9108610  25.77     84.91     26.68     31.24     86.62
2012.9379530  28.34     84.91     26.19     33.84     86.48
2012.9650450  24.41     85.52     25.64     29.86     86.77
2012.9921370  25.67     85.78     25.04     31.16     86.95
2013.0192820  23.94     84.82     24.47     29.44     85.74
2013.0464480  23.05     86.71     23.96     28.56     87.50
2013.0736140  24.70     86.32     23.52     30.20     87.18
2013.1007800  22.95     85.21     23.16     28.49     86.10
2013.1279460  21.38     85.99     22.86     26.91     86.35
2013.1551130  22.99     88.55     22.62     28.53     88.86
2013.1822790  23.56     89.62     22.35     29.10     90.03
2013.2094450  21.78     90.06     21.96     27.39     90.49
2013.2366110  21.80     87.83     21.41     27.32     88.39
2013.2637770  21.96     90.70     20.76     27.71     91.03
2013.2909430  17.64     88.35     20.07     23.26     88.56
2013.3181090  20.09     91.06     19.37     25.71     91.51
2013.3452760  20.22     92.21     18.64     25.79     92.84
2013.3724420  17.68     90.72     17.86     23.33     91.17
2013.3996080  15.85     89.57     17.17     21.53     89.87
2013.4267740  15.83     88.11     16.71     21.46     88.49
2013.4539400  15.42     86.16     16.61     21.02     86.84
2013.4811060  17.53     84.56     16.87     23.12     85.49
2013.5082720  15.66     84.81     17.46     21.29     86.03
2013.5354390  17.45     84.38     18.24     23.05     85.72
2013.5626050  20.83     86.11     19.06     26.44     87.58
2013.5897710  21.74     85.31     19.81     27.37     87.10
2013.6169370  17.81     86.09     20.56     23.45     87.82
2013.6441030  20.71     86.13     21.44     26.36     88.11
2013.6712690  22.31     85.85     22.53     27.83     87.99
2013.6984360  24.26     87.78     23.75     29.97     89.87
2013.7256020  25.46     89.99     24.94     31.10     91.96
2013.7527680  26.45     91.65     25.98     32.10     93.77
2013.7799340  26.50     90.78     26.80     32.14     93.05
2013.8071000  28.78     89.77     27.30     34.39     92.01
2013.8342660  28.86     90.74     27.41     34.50     93.16
2013.8614320  27.40     88.02     27.06     33.07     90.17
2013.8885990  27.36     87.47     26.32     33.07     89.53
2013.9157650  26.59     87.55     25.36     32.34     89.49
2013.9429310  21.36     85.76     24.41     27.07     87.48
2013.9700970  23.09     86.97     23.67     28.80     88.48
2013.9972630  24.15     86.05     23.17     29.83     87.31
2014.0244290  22.15     85.52     22.88     27.90     86.62
2014.0515960  22.75     85.88     22.77     28.54     86.94
2014.0787620  21.48     87.41     22.85     27.20     88.29
2014.1059280  22.35     87.68     23.11     28.12     88.48
2014.1330940  24.91     88.30     23.41     30.68     89.04
2014.1602600  24.51     90.21     23.57     30.23     90.91
2014.1874260  23.59     89.24     23.48     29.36     89.87
2014.2145920  23.17     89.66     23.10     28.98     90.29
2014.2417590  23.77     88.79     22.45     29.54     89.57
2014.2689250  22.11     87.09     21.58     27.97     87.75
2014.2960910  20.52     86.60     20.59     26.38     87.33
2014.3232570  18.32     87.45     19.68     24.26     88.47
2014.3504230  18.46     86.60     19.02     24.31     87.60
2014.3775890  17.51     87.22     18.72     23.42     88.04
2014.4047560  18.85     86.06     18.82     24.77     87.01
2014.4319220  18.06     85.82     19.31     23.94     86.75
2014.4590880  18.96     83.64     20.16     24.86     85.08
2014.4862540  20.97     83.72     21.29     26.87     85.46
2014.5134200  23.58     83.48     22.54     29.46     85.45
2014.5405860  24.65     84.05     23.79     30.50     85.92
2014.5677520  22.99     85.54     25.00     28.86     87.57
2014.5949190  27.20     87.02     26.18     33.01     89.37
2014.6220850  27.89     87.79     27.26     33.77     90.41
2014.6492510  28.70     88.90     28.21     34.60     91.63
2014.6764170  28.94     90.28     29.04     34.82     93.11
2014.7035830  30.31     92.75     29.84     36.21     95.59
2014.7307490  28.58     91.69     30.67     34.48     94.47
2014.7579150  31.46     91.60     31.44     37.35     94.33
2014.7850820  35.62     93.58     31.91     41.51     96.44
2014.8122480  33.98     92.17     31.86     39.94     95.04
2014.8394140  30.52     92.72     31.37     36.48     95.35
2014.8665800  30.52     93.12     30.81     36.46     95.68
2014.8937460  27.14     90.87     30.48     33.15     93.27
2014.9209120  28.74     88.91     30.43     34.76     91.51
2014.9480790  36.08     91.73     30.39     42.03     94.08
2014.9752450  31.34     90.27     30.11     37.46     92.35
2015.0024110  26.10     88.92     29.71     32.17     90.57
2015.0295770  28.64     90.52     29.49     34.61     92.21
2015.0567430  28.65     88.82     29.65     34.68     90.45
2015.0839090  30.55     91.44     30.11     36.60     93.14
2015.1110750  30.25     92.57     30.62     36.29     93.99
2015.1382420  33.58     93.36     30.94     39.57     95.10
2015.1654080  31.58     91.41     30.97     37.58     93.02
2015.1925740  29.65     93.31     30.82     35.66     94.79
2015.2197400  29.92     94.59     30.61     36.05     96.05
2015.2469060  31.18     94.76     30.43     37.28     96.23
2015.2740720  30.19     95.04     30.20     36.32     96.36
2015.3012390  30.78     95.22     29.84     36.87     96.68
2015.3284050  30.35     93.70     29.41     36.55     95.24
2015.3555710  27.41     93.85     29.11     33.62     95.48
2015.3827370  26.19     94.21     29.19     32.33     95.83
2015.4099030  29.73     95.36     29.75     35.88     97.00
2015.4370690  30.58     95.99     30.70     36.74     97.54
2015.4642350  32.13     95.48     31.83     38.25     97.49
2015.4914020  33.52     96.92     32.99     39.67     99.28
2015.5185680  33.25     97.78     34.13     39.43    100.30
2015.5457340  35.78     97.56     35.27     41.94    100.25
2015.5729000  36.43    101.76     36.47     42.61    104.49
2015.6000660  37.58    103.78     37.80     43.79    106.85
2015.6272320  36.53    103.94     39.26     42.70    106.89
2015.6543990  43.20    106.19     40.76     49.40    109.50
2015.6815650  43.35    109.83     42.16     49.53    113.10
2015.7087310  42.93    107.54     43.35     49.12    110.75
2015.7358970  44.27    109.91     44.32     50.47    113.13
2015.7630630  45.57    113.82     45.05     51.75    117.12
2015.7902290  46.47    114.25     45.42     52.68    117.46
2015.8173950  48.42    115.32     45.34     54.61    118.57
2015.8445620  44.61    113.94     44.82     50.87    116.93
2015.8717280  41.85    112.08     43.99     48.06    115.02
2015.8988940  45.30    112.71     42.96     51.58    115.54
2015.9260600  42.90    111.07     41.76     49.15    113.87
2015.9532260  39.71    108.00     40.55     46.00    110.36
2015.9803920  38.14    107.22     39.58     44.41    109.52
2016.0075380  35.56    104.74     39.06     41.83    106.80
2016.0346300  39.40    106.99     38.98     45.74    109.05
2016.0617220  41.90    106.35     39.12     48.24    108.39
2016.0888140  37.47    103.46     39.24     43.71    105.48
2016.1159060  40.01    101.54     39.28     46.33    103.56
2016.1429970  39.23    101.66     39.24     45.58    103.75
2016.1700890  39.39    102.80     39.13     45.79    104.73
2016.1971810  37.82    102.98     38.90     44.18    104.52
2016.2242730  41.53    103.03     38.42     47.88    104.65
2016.2513650  37.81    102.11     37.59     44.16    103.60
2016.2784570  37.16    101.07     36.48     43.59    102.73
2016.3055490  34.32     98.47     35.30     40.78    100.28
2016.3326410  33.45     98.17     34.34     39.92     99.98
2016.3597330  31.97     97.46     33.86     38.44     99.25
2016.3868250  31.72     97.47     33.91     38.20     99.36
2016.4139170  35.32     98.80     34.35     41.73    100.50
2016.4410090  35.33     97.60     34.90     41.83     99.57
2016.4681010  36.79     97.27     35.27     43.31     99.59
2016.4951930  35.73     96.77     35.37     42.18     99.16
2016.5222840  35.12     94.34     35.25     41.59     96.90
2016.5493760  35.46     93.28     35.09     41.92     96.22
2016.5764680  33.80     93.53     35.15     40.27     96.33
2016.6035600  33.79     93.55     35.64     40.27     96.44
2016.6306520  34.00     94.48     36.64     40.45     97.32
2016.6577440  39.34     95.93     37.91     45.82     99.32
2016.6848360  41.43     95.96     39.08     47.90     99.40
2016.7119280  41.84     95.05     39.93     48.31     98.62
2016.7390200  39.32     95.13     40.53     45.78     98.67
2016.7661120  38.70     96.30     41.13     45.19     99.69
2016.7932040  42.33     97.09     41.88     48.80    100.58
2016.8202960  43.62     95.91     42.69     50.16     99.60
2016.8473880  43.68     96.83     43.31     50.19    100.23
2016.8744800  44.86     95.63     43.46     51.43     98.80
2016.9015710  46.29     95.08     43.00     52.90     98.17
2016.9286630  42.17     91.38     41.98     48.75     94.21
2016.9557550  39.61     90.04     40.60     46.09     92.86
2016.9828470  39.14     89.49     39.14     45.67     92.07
2017.0099660  36.94     87.24     37.77     43.54     89.60
2017.0371330  37.17     88.36     36.55     43.79     90.40
2017.0642990  34.80     87.91     35.56     41.36     89.71
2017.0914650  33.46     87.36     34.87     40.08     88.98
2017.1186310  33.39     90.07     34.57     40.01     91.75
2017.1457970  34.51     88.39     34.66     41.16     90.14
2017.1729630  34.47     90.15     35.04     41.14     91.61
2017.2001290  35.41     92.77     35.53     42.05     94.19
2017.2272960  36.92     94.69     35.93     43.54     96.08
2017.2544620  37.43     94.12     36.07     44.05     95.79
2017.2816280  36.33     92.26     35.86     43.04     94.05
2017.3087940  36.19     92.45     35.35     42.91     94.38
2017.3359600  34.24     90.30     34.69     40.95     92.15
2017.3631260  33.97     88.81     34.11     40.72     90.80
2017.3902930  31.00     87.59     33.81     37.73     89.54
2017.4174590  34.07     90.13     33.84     40.75     92.06
2017.4446250  34.58     89.40     34.14     41.33     91.53
2017.4717910  34.40     88.39     34.64     41.12     91.07
2017.4989570  34.61     89.22     35.33     41.34     92.21
2017.5261230  34.90     88.93     36.29     41.65     91.98
2017.5532890  36.68     89.33     37.52     43.40     92.13
2017.5804560  40.44     92.28     38.91     47.13     95.60
2017.6076220  40.01     91.87     40.36     46.75     95.34
2017.6347880  41.14     93.94     41.79     47.85     97.43
2017.6619540  43.46     94.59     43.09     50.16     98.26
2017.6891200  45.78     96.16     44.17     52.52    100.00
2017.7162860  46.71     96.92     44.94     53.44    100.76
2017.7434530  44.28     95.89     45.49     51.02     99.58
2017.7706190  45.10     98.01     45.99     51.85    101.69
2017.7977850  46.45     99.31     46.54     53.22    102.88
2017.8249510  47.48     99.04     47.07     54.25    102.45
2017.8521170  49.40     97.01     47.42     56.12    100.53
2017.8792830  46.92     95.39     47.43     53.72     98.82
2017.9064490  48.52     97.55     46.73     55.37    100.79
2017.9336160  47.42     97.48     45.85     54.30    100.66
2017.9607820  46.57     96.54     45.08     53.45     99.48
2017.9879480  41.89     92.80     44.52     48.76     95.50
2018.0151140  39.93     91.44     44.14     46.79     93.75
2018.0422800  40.19     90.77     43.88     47.02     92.99