StateCode,Division,YearMonth,    PCP,   TAVG,   PDSI,   PHDI,   ZNDX,   PMDI,    CDD,    HDD,   SP01,   SP02,   SP03,   SP06,   SP09,   SP12,   SP24,   TMIN,   TMAX,
      106,      00,   200801,   1.48,   42.1,  -1.32,   1.19,  -1.62,   -.65,      9,    613,   -.77,   -.52,   -.91,   -.79,    .74,    .48,    .26,     30,   54.1,
      106,      00,   200802,   2.37,   47.7,  -1.41,    .84,   -.68,  -1.13,     24,    396,    .21,    -.4,   -.33,   -.62,    .45,    .75,    .35,   34.2,   61.1,
      106,      00,   200803,    3.4,   54.6,   -.95,   1.07,    .93,    -.5,     48,    278,    .74,    .61,    .06,   -.37,    .11,    .74,    .45,   41.1,   68.1,
      106,      00,   200804,   3.36,   61.5,   -.66,   1.15,     .6,   -.16,     90,    111,    .29,    .61,    .57,   -.27,    -.4,    .87,     .6,   48.2,   74.8,
      106,      00,   200805,   3.84,     71,   -.72,    .91,   -.38,   -.45,    271,     16,   -.06,     .1,    .42,    .05,   -.37,    .51,    .77,   58.7,   83.4,
      106,      00,   200806,   3.19,   80.1,   -.85,    .61,   -.62,   -.81,    489,      1,   -.28,   -.28,   -.13,   -.04,   -.39,   -.01,     .9,   68.1,     92,
      106,      00,   200807,   2.59,   81.2,  -1.12,  -1.12,  -1.07,  -1.12,    536,      0,   -.64,    -.6,   -.53,   -.01,   -.46,   -.56,    .89,   69.4,     93,
      106,      00,   200808,   5.27,   79.3,   1.19,   1.19,   3.56,   1.19,    495,      1,    1.9,   1.11,     .6,    .61,    .33,   -.06,   1.14,   68.7,   89.8,
      106,      00,   200809,   4.33,   71.9,   1.71,   1.71,   1.93,   1.71,    286,     13,   1.02,   2.14,   1.49,    .78,    .64,    .19,   1.39,   60.7,   83.1,
      106,      00,   200810,   2.76,   62.6,   1.69,   1.69,    .47,   1.69,    100,    100,     .2,    .65,   1.47,    .67,    .79,    .27,   1.11,   49.3,   75.8,
      106,      00,   200811,   1.54,     53,   -.43,   1.09,  -1.29,    .37,     30,    292,    -.7,   -.34,    .19,    .46,    .54,    .33,    1.1,   39.8,   66.3,
      106,      00,   200812,      2,     44,   -.72,    .64,  -1.01,    -.6,      8,    541,   -.42,   -.82,   -.53,    .46,    .25,    .24,    .76,   31.3,   56.8,
      106,      00,   200901,   1.05,   43.3,  -1.42,  -1.42,  -2.31,  -1.42,     14,    579,  -1.35,  -1.24,  -1.29,    .28,   -.13,    .15,    .42,   29.6,   56.9,
      106,      00,   200902,   1.22,     51,  -2.31,  -2.31,  -3.11,  -2.31,     30,    325,  -1.18,  -1.79,  -1.58,   -.76,   -.34,   -.11,    .46,   36.9,   65.1,
      106,      00,   200903,   3.41,   55.7,      0,  -2.07,    .01,     -2,     54,    253,    .75,   -.21,   -.82,   -.86,   -.06,   -.12,    .44,   43.1,   68.2,
      106,      00,   200904,   3.96,   61.6,    .48,  -1.37,   1.44,    -.6,     82,    110,    .77,    .93,    .31,   -.67,    .34,   -.01,    .63,   48.6,   74.6,
      106,      00,   200905,   4.26,   70.4,    .56,  -1.11,    .36,   -.15,    259,     21,    .28,    .66,    .84,   -.29,   -.22,    .07,    .49,   59.2,   81.6,
      106,      00,   200906,   2.37,   79.9,   -.54,  -1.54,  -1.63,  -1.22,    491,      0,   -.98,    -.5,   -.04,   -.47,    -.7,    -.1,   -.02,   67.9,   91.9,
      106,      00,   200907,   4.37,   81.3,    .42,   -.96,   1.27,   -.07,    557,      1,   1.19,   -.02,     .1,    .25,   -.43,    .29,   -.18,   69.5,   93.1,
      106,      00,   200908,   2.73,   80.3,    .37,   -.87,   -.04,      0,    530,      1,    -.1,    .61,   -.18,    .44,   -.31,   -.24,   -.12,   68.4,   92.1,
      106,      00,   200909,   5.02,   72.5,   1.25,   1.25,   2.75,   1.25,    307,     13,   1.55,   1.03,   1.45,    .82,    .28,    -.1,     .1,   62.1,   82.8,
      106,      00,   200910,   7.26,   60.2,   3.39,   3.39,   6.82,   3.39,    102,    141,    2.3,   2.51,   2.43,   2.09,   1.62,    .82,     .8,   49.6,   70.7,
      106,      00,   200911,   1.31,     55,    3.1,    3.1,    .18,    3.1,     30,    252,   -.95,   1.55,   1.95,   1.59,   1.55,    .81,    .79,   42.3,   67.6,
      106,      00,   200912,   3.63,   39.7,   4.11,   4.11,   3.99,   4.11,      1,    675,   1.16,    .08,   1.75,   2.42,   1.72,   1.15,     .9,   29.5,   49.9,
      106,      00,   201001,   2.51,   39.8,   4.24,   4.24,   1.67,   4.24,      6,    687,    .39,   1.03,    .16,    2.1,   1.82,    1.5,   1.07,   28.8,   50.7,
      106,      00,   201002,    2.7,     40,   4.35,   4.35,   1.63,   4.35,      1,    626,    .57,    .61,   1.07,   2.23,   1.94,   1.87,   1.15,   30.6,   49.4,
      106,      00,   201003,   2.24,     52,   -.13,   3.77,    -.4,   3.56,     22,    352,   -.48,    .02,    .17,   1.42,   2.19,   1.63,   1.01,   39.5,   64.4,
      106,      00,   201004,    2.6,   63.6,   -.43,   3.07,   -.92,   2.46,     97,     76,   -.44,   -.58,   -.24,    -.1,   1.56,   1.35,    .93,   51.1,   76.1,
      106,      00,   201005,    3.6,   71.5,   -.68,   2.46,    -.9,   1.46,    300,     15,   -.27,   -.52,   -.62,    .17,   1.42,   1.19,     .9,   59.7,   83.3,
      106,      00,   201006,   3.36,   81.6,   -.85,   1.97,   -.71,    .69,    523,      0,   -.14,   -.32,    -.5,   -.23,    .79,   1.38,    .92,   70.4,   92.8,
      106,      00,   201007,   4.84,   81.5,    -.2,   2.32,   1.68,   1.63,    545,      0,   1.62,    .84,    .46,    .17,    .18,   1.42,   1.28,   71.6,   91.4,
      106,      00,   201008,   2.32,   83.6,   -.55,   1.72,  -1.09,    .63,    619,      0,   -.58,    .65,    .34,   -.23,    .28,   1.28,     .8,   71.3,   95.9,
      106,      00,   201009,   3.48,   76.2,   -.56,   1.47,   -.22,    .32,    386,      4,    .34,    -.2,    .64,    .01,    .09,    .93,    .66,     64,   88.3,
      106,      00,   201010,   1.04,   64.9,  -1.29,  -1.29,  -2.35,  -1.29,    129,     71,  -1.44,   -.62,    -.9,   -.37,   -.39,   -.28,    .35,   49.8,     80,
      106,      00,   201011,   2.26,   53.6,  -1.48,  -1.48,   -.97,  -1.48,     30,    273,   -.02,   -.96,    -.6,   -.29,   -.53,   -.08,    .45,   40.3,     67,
      106,      00,   201012,    .93,   43.9,  -2.31,  -2.31,  -2.94,  -2.31,      6,    555,  -2.04,  -1.07,   -1.5,   -.71,   -.82,   -.63,    .34,   31.4,   56.4,
      106,      00,   201101,   1.75,   40.4,   -2.8,   -2.8,  -2.18,   -2.8,      7,    665,   -.44,  -1.54,  -1.11,  -1.37,   -.85,   -.81,    .46,   28.1,   52.6,
      106,      00,   201102,   1.45,   44.8,  -3.42,  -3.42,  -2.75,  -3.42,      9,    467,   -.88,   -.94,  -1.66,  -1.39,   -.97,  -1.09,     .5,   31.7,   57.9,
      106,      00,   201103,   1.54,   56.9,  -4.14,  -4.14,  -3.19,  -4.14,     75,    228,  -1.26,  -1.45,  -1.37,  -1.78,  -1.22,  -1.25,    .23,   43.9,   69.9,
      106,      00,   201104,   2.77,   66.2,  -4.13,  -4.13,  -1.26,  -4.13,    169,     54,   -.26,   -.98,  -1.27,  -1.45,  -1.71,  -1.22,    .07,   51.9,   80.4,
      106,      00,   201105,   2.86,   70.6,  -4.63,  -4.63,  -2.79,  -4.63,    257,     20,   -.97,   -.91,   -1.4,  -1.93,  -1.66,  -1.35,   -.14,   57.8,   83.5,
      106,      00,   201106,   1.69,     83,  -5.77,  -5.77,  -4.85,  -5.77,    564,      0,  -1.59,  -1.66,  -1.59,  -1.97,  -2.01,  -1.61,   -.28,   69.9,   96.2,
      106,      00,   201107,      2,   86.1,  -6.79,  -6.79,  -4.85,  -6.79,    670,      0,  -1.32,   -1.9,  -1.96,  -2.21,  -2.17,  -2.12,   -.62,   73.7,   98.6,
      106,      00,   201108,   1.86,     86,  -7.35,  -7.35,  -3.77,  -7.35,    693,      0,  -1.25,   -1.6,  -1.99,  -2.18,  -2.39,  -2.05,   -.71,     73,     99,
      106,      00,   201109,   2.42,     74,  -7.07,  -7.07,  -1.44,  -7.07,    357,     11,   -.61,   -1.2,  -1.55,  -2.06,  -2.27,  -2.25,  -1.13,     60,     88,
      106,      00,   201110,   2.04,   63.7,  -6.67,  -6.67,   -.98,  -6.67,    118,     85,   -.34,   -.66,  -1.15,  -1.96,  -2.22,  -2.22,  -1.75,   49.5,   77.9,
      106,      00,   201111,   2.95,   53.9,  -6.05,  -6.05,    -.2,  -6.05,     36,    266,    .54,    .03,   -.32,  -1.57,   -1.9,  -2.19,  -1.52,   41.5,   66.4,
      106,      00,   201112,    3.6,   43.8,  -5.11,  -5.11,    .94,  -4.71,      7,    537,   1.14,    .99,    .42,   -.71,  -1.35,  -1.67,  -1.47,     34,   53.5,
      106,      00,   201201,   2.32,   47.3,  -4.68,  -4.68,   -.29,  -4.34,     27,    463,    .19,    .88,    .86,   -.29,  -1.27,  -1.58,  -1.57,     34,   60.5,
      106,      00,   201202,   2.95,   48.6,  -3.84,  -3.84,   1.09,  -3.04,     20,    373,    .83,    .65,   1.08,    .31,   -.87,  -1.27,  -1.58,   37.9,   59.3,
      106,      00,   201203,   4.22,   62.1,  -3.19,  -3.19,    .74,  -2.09,    120,    134,   1.55,   1.58,   1.27,    .96,   -.01,   -.73,  -1.31,   49.9,   74.3,
      106,      00,   201204,   2.39,   66.9,  -3.51,  -3.51,  -1.94,  -3.06,    163,     45,   -.67,    .53,    .78,    .98,    .13,   -.82,  -1.42,   54.2,   79.6,
      106,      00,   201205,   2.41,     74,  -4.31,  -4.31,  -3.49,  -4.31,    328,      4,  -1.43,  -1.56,   -.31,    .36,   -.04,   -.92,  -1.63,   61.6,   86.3,
      106,      00,   201206,   2.32,   80.3,  -4.91,  -4.91,  -3.13,  -4.91,    479,      0,  -1.03,  -1.56,  -1.69,   -.36,   -.13,   -.76,  -1.72,   67.6,   93.1,
      106,      00,   201207,   3.09,   83.7,  -5.18,  -5.18,  -2.33,  -5.18,    587,      0,    -.1,   -.82,  -1.37,   -.45,    .06,   -.51,  -1.96,   71.6,   95.7,
      106,      00,   201208,   3.42,   81.6,  -4.75,  -4.75,   -.31,  -4.75,    555,      0,    .56,    .21,   -.49,   -.57,    .02,   -.22,  -1.86,   68.9,   94.2,
      106,      00,   201209,   3.81,   74.7,  -4.11,  -4.11,    .45,  -3.89,    356,      6,    .61,    .71,    .47,   -.86,   -.09,    .06,  -1.74,   62.2,   87.2,
      106,      00,   201210,   1.35,   62.4,  -4.23,  -4.23,  -1.63,  -4.23,    109,    104,  -1.03,   -.27,   -.08,  -1.01,   -.44,   -.04,   -1.6,   49.8,     75,
      106,      00,   201211,    .79,   54.7,   -4.9,   -4.9,   -3.3,   -4.9,     36,    263,   -1.6,  -1.85,   -.99,  -1.04,     -1,   -.47,  -1.73,   40.3,   69.2,
      106,      00,   201212,   2.13,   47.5,  -5.16,  -5.16,   -2.3,  -5.16,     16,    435,   -.27,  -1.27,  -1.48,    -.8,  -1.46,   -.77,  -1.57,     35,   59.9,
      106,      00,   201301,   3.73,   44.6,  -4.59,  -4.59,     .1,   -4.5,     17,    530,    1.5,    .84,   -.24,   -.27,   -.98,    -.5,  -1.35,   33.5,   55.6,
      106,      00,   201302,   2.71,   46.9,  -4.17,  -4.17,   -.15,  -4.08,     20,    408,    .58,   1.41,    .92,   -.24,    -.5,   -.57,  -1.21,   34.8,     59,
      106,      00,   201303,   1.48,   51.8,  -4.25,  -4.25,  -1.52,  -4.25,     30,    353,  -1.33,   -.53,    .43,   -.79,    -.5,  -1.16,  -1.24,   38.5,   65.1,
      106,      00,   201304,   3.26,   59.5,    .28,  -3.53,    .83,  -3.16,     58,    147,     .2,   -.65,   -.29,   -.38,   -.41,   -.99,  -1.23,   46.5,   72.5,
      106,      00,   201305,   3.86,   69.6,      0,  -3.17,      0,  -2.74,    213,     23,   -.05,    .06,   -.53,    .13,   -.55,    -.7,  -1.09,   57.5,   81.7,
      106,      00,   201306,   3.01,   79.6,   -.25,  -3.09,   -.73,  -2.88,    472,      1,   -.43,   -.37,   -.24,    .09,   -.76,   -.53,   -.89,   67.9,   91.4,
      106,      00,   201307,   3.87,   79.9,    .36,  -2.41,   1.08,  -1.74,    502,      0,     .7,    .07,   -.02,   -.19,   -.28,   -.34,   -.61,   68.7,   91.2,
      106,      00,   201308,   2.67,     81,    .29,   -2.2,    -.1,  -1.53,    541,      1,   -.16,    .23,   -.14,   -.48,    .02,   -.49,   -.44,   69.5,   92.6,
      106,      00,   201309,   3.86,   76.8,    .35,  -1.88,    .28,  -1.07,    414,      3,    .65,    .27,    .51,    .12,    .29,   -.47,   -.29,   64.5,   89.1,
      106,      00,   201310,   3.32,   63.8,     .6,   -1.4,    .85,   -.28,    133,     83,    .55,    .69,    .47,    .23,    .06,   -.07,   -.14,   51.8,   75.8,
      106,      00,   201311,   2.49,   49.9,    .65,  -1.14,    .34,    .08,     13,    376,    .17,    .42,    .59,    .31,   -.04,    .28,   -.23,   38.6,   61.2,
      106,      00,   201312,   2.21,   41.5,   -.01,  -1.03,   -.03,    .14,      4,    629,   -.18,   -.07,     .2,    .44,    .17,    .31,   -.29,   30.1,   52.8,
      106,      00,   201401,    .78,   39.8,   -.59,   -1.5,  -1.73,   -.83,      4,    695,  -1.76,  -1.29,   -.83,   -.24,   -.26,   -.31,   -.51,     26,   53.6,
      106,      00,   201402,   1.73,   42.9,   -.77,  -1.59,   -.74,  -1.03,      7,    520,   -.53,  -1.56,  -1.29,   -.28,   -.35,   -.54,    -.7,   31.3,   54.6,
      106,      00,   201403,   2.09,   50.6,   -.83,  -1.57,   -.42,  -1.07,     19,    384,   -.64,   -.81,  -1.45,   -.66,   -.36,   -.42,  -1.03,     37,   64.3,
      106,      00,   201404,   2.54,   62.2,   -.99,  -1.65,   -.72,  -1.31,     87,    100,    -.5,   -.73,    -.9,  -1.09,   -.67,   -.59,  -1.06,     49,   75.5,
      106,      00,   201405,   4.22,   70.1,    .13,  -1.35,    .38,   -.81,    216,     16,    .25,   -.16,    -.4,   -1.1,   -.53,   -.53,   -.79,   57.5,   82.7,
      106,      00,   201406,   4.91,   78.6,     .8,     .8,   2.05,     .8,    441,      1,   1.09,    .83,    .43,   -.47,   -.33,   -.12,   -.41,   68.2,   88.9,
      106,      00,   201407,   3.37,   79.2,   1.36,   1.36,   1.94,   1.36,    481,      1,     .2,    .89,    .77,    .02,    -.4,   -.19,   -.37,   68.1,   90.3,
      106,      00,   201408,   2.51,     81,   1.36,   1.36,    .41,   1.36,    541,      0,   -.35,   -.21,    .47,   -.02,   -.56,   -.24,   -.45,   69.3,   92.8,
      106,      00,   201409,   3.13,   74.6,   -.07,   1.15,   -.21,    .95,    362,      7,    .04,    -.3,   -.21,    .17,    -.5,   -.36,   -.62,   63.9,   85.4,
      106,      00,   201410,    2.8,   66.6,   -.13,    .97,   -.19,    .57,    178,     51,    .23,    .12,   -.15,    .34,   -.12,   -.44,   -.43,   53.5,   79.6,
      106,      00,   201411,   2.45,     48,   -.04,    .94,    .22,     .6,      9,    424,    .14,    .16,    .09,     .3,    .01,   -.46,   -.22,   35.9,   60.1,
      106,      00,   201412,   2.05,   46.8,   -.34,   -.34,   -.92,   -.34,     13,    458,   -.36,   -.19,    -.1,   -.25,    .03,   -.49,   -.11,   37.7,   55.9,
      106,      00,   201501,   2.67,   41.2,    .11,    .11,    .34,   -.19,      5,    653,    .55,    .04,    .02,   -.15,    .26,   -.11,   -.25,   30.1,   52.3,
      106,      00,   201502,   1.68,   42.7,    .02,    .02,   -.24,   -.25,      5,    542,   -.59,   -.01,   -.29,   -.16,    .08,   -.14,   -.41,   30.8,   54.6,
      106,      00,   201503,   3.78,     54,    .56,    .56,   1.62,    .56,     38,    298,   1.12,    .39,    .54,    .18,    .01,    .22,    -.1,   42.6,   65.6,
      106,      00,   201504,   4.59,   64.4,    1.1,    1.1,   1.78,    1.1,    131,     68,   1.23,    1.4,   1.01,     .6,    .37,    .67,    .11,     53,   75.7,
      106,      00,   201505,   9.44,   69.6,   3.62,   3.62,   7.91,   3.62,    245,     22,   3.09,   3.09,   2.81,   2.27,   1.92,   2.02,    .94,   59.4,   79.8,
      106,      00,   201506,   3.99,   78.7,   3.51,   3.51,    .79,   3.51,    443,      0,    .37,      3,   2.87,   2.29,   1.81,   1.67,   1.09,     68,   89.2,
      106,      00,   201507,   3.34,   82.4,   3.47,   3.47,    .96,   3.47,    573,      0,    .17,    .33,   2.66,   2.27,    1.8,   1.56,   1.01,   71.5,   93.3,
      106,      00,   201508,   2.17,   80.8,   2.84,   2.84,   -.82,   2.45,    537,      1,   -.78,   -.46,   -.16,   2.37,   1.75,   1.44,     .9,   68.5,     93,
      106,      00,   201509,   1.66,   77.4,   1.55,   1.55,  -2.98,   -.06,    408,      2,  -1.36,  -1.51,  -1.12,   1.62,    1.5,   1.08,    .57,   65.2,   89.7,
      106,      00,   201510,   4.98,   66.3,   2.24,   2.24,   2.54,   1.61,    172,     55,    1.4,    .46,    .02,   1.93,   1.86,   1.54,    .79,   53.8,   78.7,
      106,      00,   201511,   5.41,   55.3,   3.41,   3.41,    4.2,   3.41,     47,    236,   2.08,   2.17,   1.44,   1.08,   2.61,   2.19,   1.32,   44.5,   66.1,
      106,      00,   201512,   4.09,   49.5,   4.28,   4.28,   3.67,   4.28,     24,    383,   1.52,   2.42,    2.5,   1.51,   2.91,   2.58,   1.38,   37.9,   61.1,
      106,      00,   201601,   1.42,   42.6,   3.82,   3.82,   -.06,   3.74,      9,    605,   -.85,     .6,   1.83,   1.19,   2.87,   2.45,   1.49,   31.2,   54.1,
      106,      00,   201602,   1.66,   50.6,   3.09,   3.09,     -1,   2.57,     23,    342,   -.62,  -1.04,    .15,   1.23,    .96,   2.56,   1.54,     37,   64.2,
      106,      00,   201603,   4.48,   58.3,   3.41,   3.41,   1.91,   3.41,     79,    201,   1.79,    .87,    .23,    2.1,   1.38,   2.79,   1.93,   45.5,   71.2,
      106,      00,   201604,   5.11,   63.8,   3.95,   3.95,   2.65,   3.95,    112,     74,   1.58,   1.93,   1.54,   2.16,   1.84,   3.09,    2.3,   51.7,     76,
      106,      00,   201605,   4.54,   69.1,    3.9,    3.9,   1.08,    3.9,    222,     25,    .51,   1.36,   1.73,   1.42,   2.15,   1.87,   2.38,     58,   80.2,
      106,      00,   201606,   3.42,   79.6,   3.45,   3.45,   -.15,   3.33,    468,      0,   -.09,    .22,   1.01,    .85,   2.23,   1.62,   2.31,   68.4,   90.7,
      106,      00,   201607,   3.08,   83.6,   3.04,   3.04,   -.15,   2.81,    603,      0,   -.11,   -.16,    .11,   1.04,   1.63,   1.47,   2.26,   72.2,     95,
      106,      00,   201608,   5.83,   80.7,   4.22,   4.22,   4.46,   4.22,    534,      0,   2.23,    1.8,   1.26,   2.11,   1.73,    2.3,   2.42,   70.3,     91,
      106,      00,   201609,   3.01,   76.5,   -.24,   3.54,   -.71,   3.21,    414,      3,   -.07,   1.69,   1.34,   1.55,   1.31,   2.49,   2.81,   65.1,   87.8,
      106,      00,   201610,    .99,   68.6,  -1.17,   2.22,  -2.87,    .74,    215,     32,  -1.52,   -.94,    .46,    .32,   1.03,   1.59,    2.7,   55.2,     82,
      106,      00,   201611,   2.15,   58.1,   -1.6,   1.45,  -1.64,   -.62,     70,    178,   -.11,  -1.07,   -.89,    .08,   1.08,    .97,   2.95,   45.8,   70.4,
      106,      00,   201612,   2.48,   45.1,  -1.76,    .97,   -.98,  -1.33,     15,    489,    .11,   -.11,   -.84,    .15,    .67,    .66,   2.09,   34.3,   55.9,
      106,      00,   201701,   3.01,     47,  -1.65,     .8,   -.21,  -1.42,     33,    456,    .87,    .59,    .26,    .45,    .37,   1.01,   2.18,   35.9,   58.2,
      106,      00,   201702,   1.78,   54.8,  -2.17,  -2.17,  -2.07,  -2.17,     60,    240,   -.47,    .31,    .21,   -.59,    .13,   1.04,   2.28,   41.6,   67.9,
      106,      00,   201703,   2.68,   59.6,  -2.38,  -2.38,   -1.3,  -2.38,    102,    176,      0,   -.33,    .18,   -.52,    .17,    .65,   2.22,     47,   72.1,
      106,      00,   201704,   4.59,   64.6,    .58,  -1.56,   1.74,   -.74,    131,     66,   1.23,    .88,    .53,    .43,     .6,    .53,   2.22,   52.5,   76.8,
      106,      00,   201705,   4.38,   69.4,    .78,  -1.14,    .78,    .04,    223,     22,    .38,   1.04,    .85,    .69,   -.09,    .48,   1.53,   56.9,   81.8,
      106,      00,   201706,   4.18,   78.4,   1.07,   -.65,    1.1,    .95,    428,      1,    .52,    .53,   1.04,    .84,     .1,    .64,   1.61,   67.2,   89.6,
      106,      00,   201707,   3.22,   82.4,   1.28,   1.28,    .97,   1.28,    569,      0,    .04,    .37,    .45,    .62,    .57,    .66,   1.59,     71,   93.7,
      106,      00,   201708,   6.84,   78.7,   3.42,   3.42,   6.82,   3.42,    486,      2,   2.77,   2.54,    2.3,   1.93,   1.61,    .83,   2.07,   68.6,   88.8,
      106,      00,   201709,   2.31,   74.8,   -.32,   2.75,   -.95,   2.32,    351,      5,   -.71,   1.87,   1.59,   1.73,   1.42,    .67,   2.47,   62.8,   86.7,
      106,      00,   201710,   2.07,   64.5,    -.5,   2.25,   -.65,    1.5,    134,     72,   -.32,    -.7,   1.03,   1.01,   1.01,    .92,   2.06,   51.3,   77.7,
      106,      00,   201711,    .75,   56.4,  -1.45,   1.02,     -3,   -.91,     59,    214,  -1.65,  -1.29,  -1.39,    .36,    .71,    .67,   1.24,     44,   68.7,
      106,      00,   201712,   2.41,   44.5,  -1.61,     .6,   -.94,  -1.56,      5,    536,    .04,  -1.09,  -1.02,    .17,     .7,    .67,    .86,   33.1,     56,
      106,      00,   201801,   1.39,   39.8,  -2.07,  -2.07,  -1.87,  -2.07,      4,    699,   -.89,   -.64,  -1.31,    -.1,    .12,    .34,    .88,   26.8,   52.8,
